  -1.1353524e+00  -4.6403527e-02
  -1.3026008e+00  -3.6745674e-02
  -1.3455478e+00  -2.0005165e-02
  -1.3941892e+00   6.5251695e-02
  -1.5261422e+00   1.2771627e-01
  -1.3108741e+00   1.3299524e-02
  -1.4968661e+00   1.5547234e-03
  -1.4261441e+00   9.7515450e-02
  -1.3429858e+00   2.2075102e-01
  -1.2187834e+00   2.7764196e-01
  -1.2549830e+00   9.6909156e-02
  -1.4511422e+00   3.0148754e-01
  -1.1005428e+00   2.0100552e-01
  -1.2621801e+00   2.1061598e-01
  -1.0284722e+00   3.4477333e-01
  -1.3839143e+00   4.2007987e-01
  -1.3177652e+00   2.6776642e-01
  -1.3000592e+00   1.8384475e-01
  -1.2041175e+00   3.8459934e-01
  -1.2909234e+00   4.8342284e-01
  -1.2709488e+00   4.5292768e-01
  -1.4215538e+00   6.5746181e-01
  -1.2166270e+00   4.5309471e-01
  -1.0643830e+00   6.1218758e-01
  -1.0957941e+00   4.4590299e-01
  -1.0715887e+00   4.1111959e-01
  -1.0425481e+00   6.6459031e-01
  -9.8464215e-01   4.3863371e-01
  -1.0406974e+00   4.7007897e-01
  -1.0402189e+00   5.7315918e-01
  -8.6907715e-01   4.8594821e-01
  -9.5443065e-01   7.4959501e-01
  -8.4972946e-01   6.6644291e-01
  -9.6513964e-01   5.6078323e-01
  -8.3979619e-01   6.2484114e-01
  -7.0472205e-01   6.2761137e-01
  -8.7227454e-01   7.5103788e-01
  -7.1965770e-01   4.8260338e-01
  -7.3522354e-01   7.0082598e-01
  -6.8612306e-01   6.2803414e-01
  -6.8994900e-01   8.4445998e-01
  -8.6579000e-01   8.8566750e-01
  -6.0298442e-01   8.3947262e-01
  -3.8760569e-01   8.1662977e-01
  -4.4543169e-01   5.1861005e-01
  -5.3757087e-01   8.4318785e-01
  -5.4021137e-01   7.3868125e-01
  -3.9937500e-01   8.1499748e-01
  -4.4360385e-01   8.0955799e-01
  -4.2928354e-01   7.1088443e-01
  -3.2748743e-01   9.1948051e-01
  -1.5196586e-01   8.7763803e-01
  -5.7315048e-01   8.0474859e-01
  -1.6897907e-01   9.5089028e-01
  -3.2865289e-01   1.0292173e+00
  -6.3037643e-02   7.0182688e-01
  -4.3606819e-01   8.2569072e-01
  -1.4110084e-01   6.8853624e-01
  -7.6557800e-02   9.0394226e-01
  -1.0403331e-01   8.6492229e-01
  -4.7282190e-02   7.3292951e-01
  -1.7468302e-01   7.1704272e-01
  -9.8817098e-02   6.8194982e-01
  -3.2385246e-02   8.7072952e-01
   1.3806032e-01   7.1617134e-01
   5.1938264e-02   7.1347322e-01
   3.3448908e-01   5.6501556e-01
   1.9403405e-01   7.3723982e-01
  -1.9611936e-02   1.0054031e+00
   1.7555374e-01   6.9933951e-01
   1.7736079e-01   4.7502548e-01
   2.9295081e-01   6.5576075e-01
   2.7838494e-01   4.3345683e-01
   2.9502421e-01   6.0242048e-01
   2.6343545e-01   3.5952546e-01
   3.6599001e-01   6.2638163e-01
   2.2198396e-01   6.5378174e-01
   4.8952528e-01   6.7901996e-01
   2.7723274e-01   6.3419460e-01
   3.7588106e-01   3.5193686e-01
   4.5614284e-01   4.7017939e-01
   5.2102373e-01   4.9997257e-01
   4.9878751e-01   2.3478712e-01
   7.3242977e-01   3.6040817e-01
   7.3347208e-01   3.9977011e-01
   6.2809885e-01   1.2521245e-01
   5.7712609e-01   1.3657512e-01
   4.8145509e-01   3.1504340e-01
   5.3433217e-01   1.9126041e-01
   4.3135481e-01   2.2497186e-01
   5.6454942e-01   2.9544517e-01
   5.6143935e-01   1.5899271e-01
   8.3558526e-01  -2.4137369e-02
   7.2231565e-01   1.2949116e-01
   6.4523761e-01  -1.2025153e-02
   6.0682310e-01  -1.2135492e-01
   6.5541066e-01   1.9634387e-01
   7.3992965e-01  -7.6957776e-02
   9.1791853e-01  -2.3074747e-01
   6.8922641e-01  -7.3711346e-02
  -4.4815664e-01   1.4558561e-01
  -5.7826044e-01  -2.9044203e-02
  -5.5316833e-01   5.3564215e-02
  -6.3284146e-01   3.5691728e-02
  -6.6098424e-01  -1.0662143e-01
  -5.3292999e-01  -2.4250693e-01
  -6.5529977e-01  -1.4838972e-01
  -6.1637285e-01  -7.0979980e-02
  -6.8114488e-01  -3.0796677e-01
  -6.9175110e-01   1.9836714e-02
  -6.3227764e-01  -2.3408545e-01
  -7.3229414e-01  -4.3969112e-01
  -5.4853846e-01  -2.0835314e-01
  -5.5381426e-01  -7.2416825e-02
  -5.5784736e-01  -2.7343466e-01
  -8.0854533e-01  -2.8878883e-01
  -5.8514255e-01  -3.3942209e-01
  -4.7807430e-01  -3.4284825e-01
  -4.4694993e-01  -2.8478069e-01
  -4.5217299e-01  -3.9518453e-01
  -4.5974427e-01  -3.5227248e-01
  -6.2845028e-01  -4.0719484e-01
  -3.7531980e-01  -4.7696199e-01
  -4.1100063e-01  -4.8315651e-01
  -3.1551126e-01  -6.5802072e-01
  -2.7962480e-01  -6.7598466e-01
  -3.3883312e-01  -5.8615861e-01
  -2.6582569e-01  -5.6322814e-01
  -3.2076985e-01  -7.3351152e-01
  -2.9430359e-01  -5.4830852e-01
  -2.7594180e-01  -6.5143147e-01
  -3.1832458e-01  -3.5477258e-01
  -1.4919640e-01  -6.5039593e-01
  -1.7706419e-03  -8.7284884e-01
  -1.9169487e-01  -6.8539658e-01
  -1.5425110e-01  -6.8605333e-01
   2.1328609e-02  -8.2092627e-01
  -3.1605307e-02  -7.4416365e-01
   1.7806723e-01  -8.5588687e-01
  -1.8119430e-01  -7.9250832e-01
  -7.0969332e-02  -7.5456911e-01
  -8.1187301e-03  -6.7090971e-01
   3.7541218e-01  -7.2926586e-01
   1.9698678e-01  -1.1461091e+00
   1.2310000e-01  -8.0055617e-01
   2.1128467e-01  -7.4069033e-01
   2.0128130e-01  -8.4481316e-01
   3.8809153e-01  -7.4384220e-01
   3.0461347e-01  -7.5589275e-01
   4.3228958e-01  -6.9316069e-01
   4.5014690e-01  -7.0209382e-01
   3.6982945e-01  -7.3383970e-01
   4.1560721e-01  -1.0454005e+00
   4.7619106e-01  -9.6268599e-01
   3.9638567e-01  -7.5759312e-01
   4.9501474e-01  -9.5179215e-01
   5.4407108e-01  -9.0160952e-01
   4.6296723e-01  -7.3939632e-01
   7.2897836e-01  -8.1143630e-01
   5.1111406e-01  -6.7724618e-01
   5.9178371e-01  -9.5592680e-01
   5.6654612e-01  -7.2660661e-01
   8.6419758e-01  -9.6843117e-01
   6.8376776e-01  -9.3275180e-01
   5.8697389e-01  -7.1074000e-01
   9.1985503e-01  -7.4829705e-01
   1.0230240e+00  -8.5166629e-01
   9.5789813e-01  -7.3483000e-01
   9.2055986e-01  -7.5247416e-01
   8.2691284e-01  -7.7213775e-01
   8.6533962e-01  -6.1592971e-01
   1.1281065e+00  -8.0490607e-01
   1.1429513e+00  -5.6812853e-01
   9.5554641e-01  -8.2760184e-01
   1.1482138e+00  -4.9921541e-01
   1.0997900e+00  -4.9886250e-01
   1.0504491e+00  -4.2578589e-01
   1.0162008e+00  -5.7582043e-01
   1.1704771e+00  -3.8653756e-01
   9.3700326e-01  -5.7161285e-01
   9.8491041e-01  -3.0908721e-01
   1.4331334e+00  -6.4541191e-01
   1.1993456e+00  -3.2951192e-01
   1.5393185e+00  -4.2419549e-01
   1.2096374e+00  -4.0103160e-01
   1.2737197e+00  -2.6157391e-01
   1.3768933e+00  -2.9135171e-01
   1.2569416e+00  -1.0517117e-01
   1.2270880e+00  -2.0488851e-01
   1.4719066e+00  -4.0414420e-02
   1.2050789e+00  -1.8877417e-01
   1.4148537e+00  -9.2874210e-02
   1.2641536e+00  -2.2479485e-02
   1.4211504e+00   9.4707904e-02
   1.4391867e+00   6.6452739e-02
   1.2423667e+00  -1.1113392e-02
   1.4094313e+00  -1.0966884e-01
   1.4719285e+00   4.2718687e-03
   1.2232537e+00   1.5807423e-01
   1.3934536e+00   3.0273382e-02
